"","出席番号","国語","英語","数学","物理","化学","sum","avg","rank","devValue","judge"
"1",1,45,42,47,49,38,221,249.64,46,39.9026553002277,"D"
"2",2,47,52,40,51,42,232,249.64,36,43.7808254013973,"D"
"3",3,54,52,47,50,48,251,249.64,23,50.4794828488719,"C"
"4",4,47,47,48,48,51,241,249.64,28,46.9538736659905,"C"
"5",5,51,55,54,53,60,273,249.64,12,58.2358230512109,"B"
"6",6,43,47,55,59,60,264,249.64,15,55.0627747866177,"B"
"7",7,45,41,45,54,51,236,249.64,31,45.1910690745498,"C"
"8",8,38,45,48,43,51,225,249.64,42,41.3128989733803,"D"
"9",9,40,37,50,41,45,213,249.64,49,37.0821679539226,"D"
"10",10,40,42,46,45,50,223,249.64,43,40.607777136804,"D"
"11",11,40,36,31,32,36,175,249.64,50,23.6848530589734,"E"
"12",12,60,54,57,53,59,283,249.64,7,61.7614322340923,"B"
"13",13,55,45,50,50,53,253,249.64,22,51.1846046854482,"C"
"14",14,62,59,55,54,52,282,249.64,9,61.4088713158041,"B"
"15",15,44,50,50,40,47,231,249.64,37,43.4282644831091,"D"
"16",16,49,57,59,59,52,276,249.64,11,59.2935058060753,"B"
"17",17,56,55,58,57,57,283,249.64,7,61.7614322340923,"B"
"18",18,42,49,43,39,48,221,249.64,46,39.9026553002277,"D"
"19",19,59,57,50,54,46,266,249.64,14,55.7678966231939,"B"
"20",20,53,45,33,40,49,220,249.64,47,39.5500943819396,"D"
"21",21,43,47,50,53,43,236,249.64,31,45.1910690745498,"C"
"22",22,48,43,39,48,44,222,249.64,44,40.2552162185159,"D"
"23",23,53,54,58,61,60,286,249.64,4,62.8191149889567,"B"
"24",24,43,45,47,50,48,233,249.64,32,44.1333863196854,"D"
"25",25,42,47,44,49,48,230,249.64,39,43.075703564821,"D"
"26",26,38,48,47,51,46,230,249.64,39,43.075703564821,"D"
"27",27,46,46,60,61,54,267,249.64,13,56.1204575414821,"B"
"28",28,48,42,57,57,57,261,249.64,17,54.0050920317532,"C"
"29",29,63,64,55,57,66,305,249.64,2,69.5177724364313,"A"
"30",30,58,63,60,53,59,293,249.64,3,65.2870414169736,"A"
"31",31,54,52,39,41,46,232,249.64,36,43.7808254013973,"D"
"32",32,41,44,44,43,46,218,249.64,48,38.8449725453633,"D"
"33",33,59,50,59,54,57,279,249.64,10,60.3511885609397,"B"
"34",34,58,53,49,44,43,247,249.64,25,49.0692391757193,"C"
"35",35,58,47,41,36,45,227,249.64,40,42.0180208099566,"D"
"36",36,59,48,42,37,46,232,249.64,36,43.7808254013973,"D"
"37",37,60,49,43,38,47,237,249.64,29,45.5436299928379,"C"
"38",38,61,50,44,39,48,242,249.64,27,47.3064345842786,"C"
"39",39,56,58,50,50,48,262,249.64,16,54.3576529500414,"C"
"40",40,50,41,48,58,58,255,249.64,19,51.8897265220244,"C"
"41",41,64,63,65,74,74,340,249.64,1,81.8574045765161,"A"
"42",42,53,47,51,50,52,253,249.64,22,51.1846046854482,"C"
"43",43,57,56,60,56,53,282,249.64,9,61.4088713158041,"B"
"44",44,50,48,53,52,54,257,249.64,18,52.5948483586007,"C"
"45",45,51,43,51,55,53,253,249.64,22,51.1846046854482,"C"
"46",46,55,56,45,44,43,243,249.64,26,47.6589955025668,"C"
"47",47,57,54,42,38,41,232,249.64,36,43.7808254013973,"D"
"48",48,46,48,44,47,41,226,249.64,41,41.6654598916684,"D"
"49",49,47,49,50,50,52,248,249.64,24,49.4218000940075,"C"
"50",50,53,52,61,58,61,285,249.64,5,62.4665540706685,"B"
